0	-0.000114089
2.02719e-12	-0.000115501
4.05439e-12	-0.000116794
6.08158e-12	-0.000117962
8.10877e-12	-0.000118995
1.0136e-11	-0.000119885
1.21632e-11	-0.000120624
1.41904e-11	-0.000121201
1.62175e-11	-0.000121609
1.82447e-11	-0.000121838
2.02719e-11	-0.000121878
2.22991e-11	-0.00012172
2.43263e-11	-0.000121354
2.63535e-11	-0.000120771
2.83807e-11	-0.00011996
3.04079e-11	-0.000118912
3.24351e-11	-0.000117616
3.44623e-11	-0.000116062
3.64895e-11	-0.00011424
3.85167e-11	-0.000112139
4.05439e-11	-0.00010975
4.25711e-11	-0.000107061
4.45982e-11	-0.000104062
4.66254e-11	-0.000100743
4.86526e-11	-9.70929e-05
5.06798e-11	-9.31021e-05
5.2707e-11	-8.87602e-05
5.47342e-11	-8.40567e-05
5.67614e-11	-7.89818e-05
5.87886e-11	-7.35254e-05
6.08158e-11	-6.76776e-05
6.2843e-11	-6.1429e-05
6.48702e-11	-5.477e-05
6.68974e-11	-4.76914e-05
6.89246e-11	-4.01843e-05
7.09518e-11	-3.224e-05
7.29789e-11	-2.38501e-05
7.50061e-11	-1.50066e-05
7.70333e-11	-5.70171e-06
7.90605e-11	4.07179e-06
8.10877e-11	1.43208e-05
8.31149e-11	2.50517e-05
8.51421e-11	3.62706e-05
8.71693e-11	4.79827e-05
8.91965e-11	6.01931e-05
9.12237e-11	7.29059e-05
9.32509e-11	8.6125e-05
9.52781e-11	9.98534e-05
9.73053e-11	0.000114093
9.93325e-11	0.000128847
1.0136e-10	0.000144114
1.03387e-10	0.000159896
1.05414e-10	0.000176191
1.07441e-10	0.000192999
1.09468e-10	0.000210316
1.11496e-10	0.000228139
1.13523e-10	0.000246464
1.1555e-10	0.000265285
1.17577e-10	0.000284596
1.19604e-10	0.00030439
1.21632e-10	0.000324658
1.23659e-10	0.000345391
1.25686e-10	0.000366576
1.27713e-10	0.000388203
1.2974e-10	0.000410257
1.31768e-10	0.000432725
1.33795e-10	0.000455589
1.35822e-10	0.000478834
1.37849e-10	0.000502439
1.39876e-10	0.000526385
1.41904e-10	0.000550651
1.43931e-10	0.000575213
1.45958e-10	0.000600046
1.47985e-10	0.000625125
1.50012e-10	0.000650422
1.52039e-10	0.000675907
1.54067e-10	0.00070155
1.56094e-10	0.000727319
1.58121e-10	0.00075318
1.60148e-10	0.000779096
1.62175e-10	0.00080503
1.64203e-10	0.000830943
1.6623e-10	0.000856795
1.68257e-10	0.000882544
1.70284e-10	0.000908144
1.72311e-10	0.00093355
1.74339e-10	0.000958715
1.76366e-10	0.00098359
1.78393e-10	0.00100812
1.8042e-10	0.00103226
1.82447e-10	0.00105595
1.84475e-10	0.00107914
1.86502e-10	0.00110176
1.88529e-10	0.00112377
1.90556e-10	0.00114509
1.92583e-10	0.00116566
1.94611e-10	0.00118543
1.96638e-10	0.00120433
1.98665e-10	0.00122228
2.00692e-10	0.00123923
2.02719e-10	0.0012551
2.04746e-10	0.00126982
2.06774e-10	0.00128332
2.08801e-10	0.00129552
2.10828e-10	0.00130636
2.12855e-10	0.00131575
2.14882e-10	0.00132362
2.1691e-10	0.00132989
2.18937e-10	0.00133448
2.20964e-10	0.00133732
2.22991e-10	0.00133832
2.25018e-10	0.00133741
2.27046e-10	0.0013345
2.29073e-10	0.00132951
2.311e-10	0.00132237
2.33127e-10	0.00131299
2.35154e-10	0.00130128
2.37182e-10	0.00128717
2.39209e-10	0.00127059
2.41236e-10	0.00125143
2.43263e-10	0.00122964
2.4529e-10	0.00120512
2.47318e-10	0.0011778
2.49345e-10	0.00114761
2.51372e-10	0.00111446
2.53399e-10	0.00107828
2.55426e-10	0.001039
2.57454e-10	0.000996543
2.59481e-10	0.000950845
2.61508e-10	0.000901835
2.63535e-10	0.000849448
2.65562e-10	0.000793621
2.67589e-10	0.000734293
2.69617e-10	0.000671406
2.71644e-10	0.000604905
2.73671e-10	0.000534739
2.75698e-10	0.000460858
2.77725e-10	0.00038322
2.79753e-10	0.000301781
2.8178e-10	0.000216506
2.83807e-10	0.000127361
2.85834e-10	3.43192e-05
2.87861e-10	-6.26445e-05
2.89889e-10	-0.000163549
2.91916e-10	-0.000268407
2.93943e-10	-0.000377227
2.9597e-10	-0.000490014
2.97997e-10	-0.000606763
3.00025e-10	-0.000727466
3.02052e-10	-0.000852109
3.04079e-10	-0.00098067
3.06106e-10	-0.00111312
3.08133e-10	-0.00124943
3.10161e-10	-0.00138955
3.12188e-10	-0.00153344
3.14215e-10	-0.00168104
3.16242e-10	-0.00183229
3.18269e-10	-0.00198711
3.20296e-10	-0.00214542
3.22324e-10	-0.00230715
3.24351e-10	-0.00247218
3.26378e-10	-0.00264043
3.28405e-10	-0.00281177
3.30432e-10	-0.00298608
3.3246e-10	-0.00316324
3.34487e-10	-0.0033431
3.36514e-10	-0.00352551
3.38541e-10	-0.00371033
3.40568e-10	-0.00389737
3.42596e-10	-0.00408646
3.44623e-10	-0.00427742
3.4665e-10	-0.00447005
3.48677e-10	-0.00466414
3.50704e-10	-0.00485948
3.52732e-10	-0.00505583
3.54759e-10	-0.00525298
3.56786e-10	-0.00545066
3.58813e-10	-0.00564863
3.6084e-10	-0.00584662
3.62868e-10	-0.00604435
3.64895e-10	-0.00624155
3.66922e-10	-0.0064379
3.68949e-10	-0.00663312
3.70976e-10	-0.00682689
3.73003e-10	-0.00701888
3.75031e-10	-0.00720877
3.77058e-10	-0.0073962
3.79085e-10	-0.00758084
3.81112e-10	-0.00776232
3.83139e-10	-0.00794027
3.85167e-10	-0.00811433
3.87194e-10	-0.00828409
3.89221e-10	-0.00844919
3.91248e-10	-0.0086092
3.93275e-10	-0.00876374
3.95303e-10	-0.00891238
3.9733e-10	-0.00905471
3.99357e-10	-0.00919031
4.01384e-10	-0.00931873
4.03411e-10	-0.00943955
4.05439e-10	-0.00955232
4.07466e-10	-0.0096566
4.09493e-10	-0.00975194
4.1152e-10	-0.0098379
4.13547e-10	-0.009914
4.15575e-10	-0.0099798
4.17602e-10	-0.0100348
4.19629e-10	-0.0100787
4.21656e-10	-0.0101108
4.23683e-10	-0.0101308
4.25711e-10	-0.0101382
4.27738e-10	-0.0101326
4.29765e-10	-0.0101134
4.31792e-10	-0.0100803
4.33819e-10	-0.0100327
4.35846e-10	-0.00997036
4.37874e-10	-0.00989269
4.39901e-10	-0.0097993
4.41928e-10	-0.00968977
4.43955e-10	-0.00956369
4.45982e-10	-0.00942063
4.4801e-10	-0.00926022
4.50037e-10	-0.00908205
4.52064e-10	-0.00888576
4.54091e-10	-0.00867099
4.56118e-10	-0.00843737
4.58146e-10	-0.00818458
4.60173e-10	-0.00791229
4.622e-10	-0.0076202
4.64227e-10	-0.00730803
4.66254e-10	-0.0069755
4.68282e-10	-0.00662236
4.70309e-10	-0.00624838
4.72336e-10	-0.00585335
4.74363e-10	-0.00543709
4.7639e-10	-0.00499943
4.78418e-10	-0.00454022
4.80445e-10	-0.00405935
4.82472e-10	-0.00355673
4.84499e-10	-0.0030323
4.86526e-10	-0.00248601
4.88553e-10	-0.00191787
4.90581e-10	-0.00132788
4.92608e-10	-0.000716106
4.94635e-10	-8.26259e-05
4.96662e-10	0.000572446
4.98689e-10	0.00124896
5.00717e-10	0.00194674
5.02744e-10	0.00266556
5.04771e-10	0.00340518
5.06798e-10	0.00416531
5.08825e-10	0.00494563
5.10853e-10	0.00574576
5.1288e-10	0.00656533
5.14907e-10	0.00740388
5.16934e-10	0.00826094
5.18961e-10	0.00913599
5.20989e-10	0.0100285
5.23016e-10	0.0109378
5.25043e-10	0.0118633
5.2707e-10	0.0128044
5.29097e-10	0.0137602
5.31125e-10	0.0147301
5.33152e-10	0.0157132
5.35179e-10	0.0167086
5.37206e-10	0.0177156
5.39233e-10	0.0187331
5.41261e-10	0.0197601
5.43288e-10	0.0207958
5.45315e-10	0.0218389
5.47342e-10	0.0228884
5.49369e-10	0.0239431
5.51396e-10	0.0250019
5.53424e-10	0.0260635
5.55451e-10	0.0271266
5.57478e-10	0.02819
5.59505e-10	0.0292523
5.61532e-10	0.0303121
5.6356e-10	0.031368
5.65587e-10	0.0324185
5.67614e-10	0.0334622
5.69641e-10	0.0344974
5.71668e-10	0.0355226
5.73696e-10	0.0365362
5.75723e-10	0.0375367
5.7775e-10	0.0385222
5.79777e-10	0.0394912
5.81804e-10	0.0404419
5.83832e-10	0.0413725
5.85859e-10	0.0422813
5.87886e-10	0.0431666
5.89913e-10	0.0440264
5.9194e-10	0.044859
5.93968e-10	0.0456624
5.95995e-10	0.0464349
5.98022e-10	0.0471746
6.00049e-10	0.0478796
6.02076e-10	0.0485479
6.04103e-10	0.0491777
6.06131e-10	0.049767
6.08158e-10	0.0503141
6.10185e-10	0.0508168
6.12212e-10	0.0512735
6.14239e-10	0.0516821
6.16267e-10	0.0520407
6.18294e-10	0.0523476
6.20321e-10	0.0526008
6.22348e-10	0.0527985
6.24375e-10	0.0529389
6.26403e-10	0.0530201
6.2843e-10	0.0530405
6.30457e-10	0.0529983
6.32484e-10	0.0528917
6.34511e-10	0.0527191
6.36539e-10	0.052479
6.38566e-10	0.0521696
6.40593e-10	0.0517894
6.4262e-10	0.051337
6.44647e-10	0.0508109
6.46675e-10	0.0502097
6.48702e-10	0.0495322
6.50729e-10	0.048777
6.52756e-10	0.0479429
6.54783e-10	0.0470289
6.56811e-10	0.0460339
6.58838e-10	0.0449568
6.60865e-10	0.0437968
6.62892e-10	0.0425531
6.64919e-10	0.041225
6.66946e-10	0.0398118
6.68974e-10	0.0383129
6.71001e-10	0.0367279
6.73028e-10	0.0350564
6.75055e-10	0.0332982
6.77082e-10	0.0314531
6.7911e-10	0.0295211
6.81137e-10	0.0275023
6.83164e-10	0.0253967
6.85191e-10	0.0232047
6.87218e-10	0.0209267
6.89246e-10	0.0185633
6.91273e-10	0.0161149
6.933e-10	0.0135825
6.95327e-10	0.0109669
6.97354e-10	0.00826914
6.99382e-10	0.00549034
7.01409e-10	0.0026318
7.03436e-10	-0.000305081
7.05463e-10	-0.00331875
7.0749e-10	-0.00640754
7.09518e-10	-0.00956963
7.11545e-10	-0.0128031
7.13572e-10	-0.0161058
7.15599e-10	-0.0194755
7.17626e-10	-0.0229099
7.19653e-10	-0.0264065
7.21681e-10	-0.0299625
7.23708e-10	-0.0335754
7.25735e-10	-0.0372421
7.27762e-10	-0.0409595
7.29789e-10	-0.0447245
7.31817e-10	-0.0485338
7.33844e-10	-0.0523839
7.35871e-10	-0.0562712
7.37898e-10	-0.060192
7.39925e-10	-0.0641424
7.41953e-10	-0.0681184
7.4398e-10	-0.072116
7.46007e-10	-0.0761308
7.48034e-10	-0.0801587
7.50061e-10	-0.084195
7.52089e-10	-0.0882352
7.54116e-10	-0.0922746
7.56143e-10	-0.0963084
7.5817e-10	-0.100332
7.60197e-10	-0.10434
7.62225e-10	-0.108327
7.64252e-10	-0.112288
7.66279e-10	-0.116219
7.68306e-10	-0.120113
7.70333e-10	-0.123965
7.72361e-10	-0.12777
7.74388e-10	-0.131522
7.76415e-10	-0.135216
7.78442e-10	-0.138845
7.80469e-10	-0.142404
7.82496e-10	-0.145888
7.84524e-10	-0.149291
7.86551e-10	-0.152606
7.88578e-10	-0.155827
7.90605e-10	-0.15895
7.92632e-10	-0.161968
7.9466e-10	-0.164875
7.96687e-10	-0.167666
7.98714e-10	-0.170334
8.00741e-10	-0.172875
8.02768e-10	-0.175281
8.04796e-10	-0.177547
8.06823e-10	-0.179668
8.0885e-10	-0.181637
8.10877e-10	-0.183451
8.12904e-10	-0.185102
8.14932e-10	-0.186585
8.16959e-10	-0.187896
8.18986e-10	-0.189028
8.21013e-10	-0.189977
8.2304e-10	-0.190738
8.25068e-10	-0.191306
8.27095e-10	-0.191676
8.29122e-10	-0.191844
8.31149e-10	-0.191805
8.33176e-10	-0.191554
8.35203e-10	-0.191089
8.37231e-10	-0.190404
8.39258e-10	-0.189496
8.41285e-10	-0.188362
8.43312e-10	-0.186998
8.45339e-10	-0.185401
8.47367e-10	-0.183568
8.49394e-10	-0.181496
8.51421e-10	-0.179183
8.53448e-10	-0.176627
8.55475e-10	-0.173825
8.57503e-10	-0.170777
8.5953e-10	-0.16748
8.61557e-10	-0.163934
8.63584e-10	-0.160137
8.65611e-10	-0.156089
8.67639e-10	-0.151789
8.69666e-10	-0.147238
8.71693e-10	-0.142436
8.7372e-10	-0.137383
8.75747e-10	-0.13208
8.77775e-10	-0.126529
8.79802e-10	-0.12073
8.81829e-10	-0.114687
8.83856e-10	-0.1084
8.85883e-10	-0.101873
8.87911e-10	-0.0951082
8.89938e-10	-0.088109
8.91965e-10	-0.0808788
8.93992e-10	-0.0734215
8.96019e-10	-0.0657412
8.98046e-10	-0.0578426
9.00074e-10	-0.0497305
9.02101e-10	-0.0414101
9.04128e-10	-0.032887
9.06155e-10	-0.0241671
9.08182e-10	-0.0152566
9.1021e-10	-0.00616212
9.12237e-10	0.00310943
9.14264e-10	0.0125508
9.16291e-10	0.0221544
9.18318e-10	0.0319123
9.20346e-10	0.0418164
9.22373e-10	0.0518581
9.244e-10	0.0620285
9.26427e-10	0.0723184
9.28454e-10	0.0827186
9.30482e-10	0.0932191
9.32509e-10	0.10381
9.34536e-10	0.114481
9.36563e-10	0.125221
9.3859e-10	0.136021
9.40618e-10	0.146867
9.42645e-10	0.15775
9.44672e-10	0.168658
9.46699e-10	0.179579
9.48726e-10	0.190501
9.50753e-10	0.201411
9.52781e-10	0.212298
9.54808e-10	0.223149
9.56835e-10	0.233952
9.58862e-10	0.244692
9.60889e-10	0.255359
9.62917e-10	0.265937
9.64944e-10	0.276415
9.66971e-10	0.286779
9.68998e-10	0.297015
9.71025e-10	0.307111
9.73053e-10	0.317052
9.7508e-10	0.326825
9.77107e-10	0.336417
9.79134e-10	0.345814
9.81161e-10	0.355003
9.83189e-10	0.363971
9.85216e-10	0.372703
9.87243e-10	0.381187
9.8927e-10	0.38941
9.91297e-10	0.397358
9.93325e-10	0.405018
9.95352e-10	0.412378
9.97379e-10	0.419424
9.99406e-10	0.426146
1.00143e-09	0.432529
1.00346e-09	0.438562
1.00549e-09	0.444233
1.00751e-09	0.449531
1.00954e-09	0.454444
1.01157e-09	0.458962
1.0136e-09	0.463073
1.01562e-09	0.466767
1.01765e-09	0.470034
1.01968e-09	0.472864
1.02171e-09	0.475248
1.02373e-09	0.477177
1.02576e-09	0.478643
1.02779e-09	0.479637
1.02981e-09	0.480151
1.03184e-09	0.480179
1.03387e-09	0.479713
1.0359e-09	0.478747
1.03792e-09	0.477276
1.03995e-09	0.475294
1.04198e-09	0.472796
1.044e-09	0.469779
1.04603e-09	0.466238
1.04806e-09	0.46217
1.05009e-09	0.457573
1.05211e-09	0.452444
1.05414e-09	0.446783
1.05617e-09	0.440588
1.05819e-09	0.433859
1.06022e-09	0.426597
1.06225e-09	0.418803
1.06428e-09	0.410478
1.0663e-09	0.401625
1.06833e-09	0.392246
1.07036e-09	0.382345
1.07239e-09	0.371927
1.07441e-09	0.360996
1.07644e-09	0.349557
1.07847e-09	0.337617
1.08049e-09	0.325183
1.08252e-09	0.312262
1.08455e-09	0.298861
1.08658e-09	0.284991
1.0886e-09	0.27066
1.09063e-09	0.255878
1.09266e-09	0.240656
1.09468e-09	0.225005
1.09671e-09	0.208937
1.09874e-09	0.192465
1.10077e-09	0.175601
1.10279e-09	0.15836
1.10482e-09	0.140755
1.10685e-09	0.122802
1.10887e-09	0.104515
1.1109e-09	0.0859119
1.11293e-09	0.0670078
1.11496e-09	0.04782
1.11698e-09	0.0283662
1.11901e-09	0.00866435
1.12104e-09	-0.0112671
1.12306e-09	-0.0314092
1.12509e-09	-0.0517424
1.12712e-09	-0.0722472
1.12915e-09	-0.0929031
1.13117e-09	-0.11369
1.1332e-09	-0.134586
1.13523e-09	-0.155571
1.13726e-09	-0.176622
1.13928e-09	-0.197719
1.14131e-09	-0.218838
1.14334e-09	-0.239958
1.14536e-09	-0.261056
1.14739e-09	-0.282108
1.14942e-09	-0.303093
1.15145e-09	-0.323986
1.15347e-09	-0.344766
1.1555e-09	-0.365408
1.15753e-09	-0.385888
1.15955e-09	-0.406185
1.16158e-09	-0.426273
1.16361e-09	-0.446131
1.16564e-09	-0.465734
1.16766e-09	-0.485059
1.16969e-09	-0.504083
1.17172e-09	-0.522784
1.17374e-09	-0.541137
1.17577e-09	-0.559121
1.1778e-09	-0.576714
1.17983e-09	-0.593892
1.18185e-09	-0.610634
1.18388e-09	-0.626919
1.18591e-09	-0.642725
1.18794e-09	-0.658031
1.18996e-09	-0.672817
1.19199e-09	-0.687063
1.19402e-09	-0.700749
1.19604e-09	-0.713855
1.19807e-09	-0.726365
1.2001e-09	-0.738258
1.20213e-09	-0.749518
1.20415e-09	-0.760127
1.20618e-09	-0.77007
1.20821e-09	-0.77933
1.21023e-09	-0.787893
1.21226e-09	-0.795744
1.21429e-09	-0.802869
1.21632e-09	-0.809255
1.21834e-09	-0.814889
1.22037e-09	-0.819762
1.2224e-09	-0.823861
1.22442e-09	-0.827176
1.22645e-09	-0.8297
1.22848e-09	-0.831422
1.23051e-09	-0.832336
1.23253e-09	-0.832436
1.23456e-09	-0.831714
1.23659e-09	-0.830168
1.23861e-09	-0.827792
1.24064e-09	-0.824584
1.24267e-09	-0.820541
1.2447e-09	-0.815662
1.24672e-09	-0.809948
1.24875e-09	-0.803398
1.25078e-09	-0.796014
1.25281e-09	-0.787799
1.25483e-09	-0.778757
1.25686e-09	-0.768891
1.25889e-09	-0.758208
1.26091e-09	-0.746713
1.26294e-09	-0.734414
1.26497e-09	-0.721318
1.267e-09	-0.707437
1.26902e-09	-0.692778
1.27105e-09	-0.677355
1.27308e-09	-0.661177
1.2751e-09	-0.644259
1.27713e-09	-0.626614
1.27916e-09	-0.608256
1.28119e-09	-0.589202
1.28321e-09	-0.569468
1.28524e-09	-0.54907
1.28727e-09	-0.528027
1.28929e-09	-0.506358
1.29132e-09	-0.484083
1.29335e-09	-0.461221
1.29538e-09	-0.437795
1.2974e-09	-0.413826
1.29943e-09	-0.389336
1.30146e-09	-0.36435
1.30349e-09	-0.33889
1.30551e-09	-0.312982
1.30754e-09	-0.286651
1.30957e-09	-0.259922
1.31159e-09	-0.232822
1.31362e-09	-0.205378
1.31565e-09	-0.177617
1.31768e-09	-0.149568
1.3197e-09	-0.121257
1.32173e-09	-0.0927145
1.32376e-09	-0.0639688
1.32578e-09	-0.0350493
1.32781e-09	-0.00598579
1.32984e-09	0.0231919
1.33187e-09	0.0524536
1.33389e-09	0.0817689
1.33592e-09	0.111107
1.33795e-09	0.140438
1.33997e-09	0.169731
1.342e-09	0.198955
1.34403e-09	0.228079
1.34606e-09	0.257072
1.34808e-09	0.285905
1.35011e-09	0.314545
1.35214e-09	0.342963
1.35416e-09	0.371128
1.35619e-09	0.39901
1.35822e-09	0.426579
1.36025e-09	0.453806
1.36227e-09	0.480661
1.3643e-09	0.507116
1.36633e-09	0.533141
1.36836e-09	0.558708
1.37038e-09	0.583791
1.37241e-09	0.608361
1.37444e-09	0.632391
1.37646e-09	0.655857
1.37849e-09	0.678731
1.38052e-09	0.700989
1.38255e-09	0.722607
1.38457e-09	0.743561
1.3866e-09	0.763827
1.38863e-09	0.783385
1.39065e-09	0.802211
1.39268e-09	0.820286
1.39471e-09	0.837589
1.39674e-09	0.854102
1.39876e-09	0.869806
1.40079e-09	0.884685
1.40282e-09	0.89872
1.40484e-09	0.911897
1.40687e-09	0.924202
1.4089e-09	0.93562
1.41093e-09	0.94614
1.41295e-09	0.955749
1.41498e-09	0.964436
1.41701e-09	0.972193
1.41904e-09	0.97901
1.42106e-09	0.984879
1.42309e-09	0.989796
1.42512e-09	0.993753
1.42714e-09	0.996746
1.42917e-09	0.998773
1.4312e-09	0.999831
1.43323e-09	0.999918
1.43525e-09	0.999036
1.43728e-09	0.997183
1.43931e-09	0.994364
1.44133e-09	0.99058
1.44336e-09	0.985836
1.44539e-09	0.980138
1.44742e-09	0.973491
1.44944e-09	0.965903
1.45147e-09	0.957383
1.4535e-09	0.947939
1.45552e-09	0.937583
1.45755e-09	0.926326
1.45958e-09	0.91418
1.46161e-09	0.901159
1.46363e-09	0.887277
1.46566e-09	0.87255
1.46769e-09	0.856993
1.46971e-09	0.840625
1.47174e-09	0.823462
1.47377e-09	0.805525
1.4758e-09	0.786832
1.47782e-09	0.767405
1.47985e-09	0.747265
1.48188e-09	0.726433
1.48391e-09	0.704933
1.48593e-09	0.682789
1.48796e-09	0.660024
1.48999e-09	0.636663
1.49201e-09	0.612733
1.49404e-09	0.588258
1.49607e-09	0.563266
1.4981e-09	0.537784
1.50012e-09	0.511839
1.50215e-09	0.48546
1.50418e-09	0.458675
1.5062e-09	0.431513
1.50823e-09	0.404003
1.51026e-09	0.376175
1.51229e-09	0.348059
1.51431e-09	0.319684
1.51634e-09	0.291082
1.51837e-09	0.262282
1.52039e-09	0.233315
1.52242e-09	0.204213
1.52445e-09	0.175004
1.52648e-09	0.145722
1.5285e-09	0.116395
1.53053e-09	0.087056
1.53256e-09	0.0577342
1.53459e-09	0.0284606
1.53661e-09	-0.000734446
1.53864e-09	-0.0298208
1.54067e-09	-0.0587684
1.54269e-09	-0.0875476
1.54472e-09	-0.116129
1.54675e-09	-0.144484
1.54878e-09	-0.172582
1.5508e-09	-0.200397
1.55283e-09	-0.2279
1.55486e-09	-0.255064
1.55688e-09	-0.281862
1.55891e-09	-0.308266
1.56094e-09	-0.334253
1.56297e-09	-0.359795
1.56499e-09	-0.384869
1.56702e-09	-0.40945
1.56905e-09	-0.433514
1.57107e-09	-0.45704
1.5731e-09	-0.480005
1.57513e-09	-0.502388
1.57716e-09	-0.524167
1.57918e-09	-0.545324
1.58121e-09	-0.56584
1.58324e-09	-0.585695
1.58526e-09	-0.604873
1.58729e-09	-0.623357
1.58932e-09	-0.641132
1.59135e-09	-0.658182
1.59337e-09	-0.674494
1.5954e-09	-0.690055
1.59743e-09	-0.704852
1.59946e-09	-0.718874
1.60148e-09	-0.732112
1.60351e-09	-0.744555
1.60554e-09	-0.756195
1.60756e-09	-0.767026
1.60959e-09	-0.777039
1.61162e-09	-0.786231
1.61365e-09	-0.794595
1.61567e-09	-0.802128
1.6177e-09	-0.808829
1.61973e-09	-0.814694
1.62175e-09	-0.819723
1.62378e-09	-0.823917
1.62581e-09	-0.827275
1.62784e-09	-0.829801
1.62986e-09	-0.831497
1.63189e-09	-0.832366
1.63392e-09	-0.832415
1.63594e-09	-0.831647
1.63797e-09	-0.830069
1.64e-09	-0.82769
1.64203e-09	-0.824516
1.64405e-09	-0.820558
1.64608e-09	-0.815824
1.64811e-09	-0.810326
1.65014e-09	-0.804074
1.65216e-09	-0.797082
1.65419e-09	-0.789361
1.65622e-09	-0.780926
1.65824e-09	-0.77179
1.66027e-09	-0.761969
1.6623e-09	-0.751479
1.66433e-09	-0.740335
1.66635e-09	-0.728554
1.66838e-09	-0.716155
1.67041e-09	-0.703154
1.67243e-09	-0.689571
1.67446e-09	-0.675425
1.67649e-09	-0.660735
1.67852e-09	-0.645521
1.68054e-09	-0.629804
1.68257e-09	-0.613604
1.6846e-09	-0.596942
1.68662e-09	-0.579841
1.68865e-09	-0.562322
1.69068e-09	-0.544407
1.69271e-09	-0.526118
1.69473e-09	-0.507478
1.69676e-09	-0.488511
1.69879e-09	-0.469238
1.70081e-09	-0.449684
1.70284e-09	-0.42987
1.70487e-09	-0.409822
1.7069e-09	-0.389561
1.70892e-09	-0.369112
1.71095e-09	-0.348497
1.71298e-09	-0.327741
1.71501e-09	-0.306866
1.71703e-09	-0.285896
1.71906e-09	-0.264854
1.72109e-09	-0.243763
1.72311e-09	-0.222645
1.72514e-09	-0.201524
1.72717e-09	-0.180422
1.7292e-09	-0.159361
1.73122e-09	-0.138362
1.73325e-09	-0.117449
1.73528e-09	-0.0966406
1.7373e-09	-0.0759596
1.73933e-09	-0.0554261
1.74136e-09	-0.0350604
1.74339e-09	-0.0148824
1.74541e-09	0.00508837
1.74744e-09	0.024833
1.74947e-09	0.0443329
1.75149e-09	0.0635699
1.75352e-09	0.0825264
1.75555e-09	0.101185
1.75758e-09	0.11953
1.7596e-09	0.137544
1.76163e-09	0.155213
1.76366e-09	0.172521
1.76569e-09	0.189454
1.76771e-09	0.205998
1.76974e-09	0.222139
1.77177e-09	0.237866
1.77379e-09	0.253167
1.77582e-09	0.268029
1.77785e-09	0.282442
1.77988e-09	0.296396
1.7819e-09	0.309882
1.78393e-09	0.32289
1.78596e-09	0.335412
1.78798e-09	0.347442
1.79001e-09	0.358971
1.79204e-09	0.369995
1.79407e-09	0.380506
1.79609e-09	0.3905
1.79812e-09	0.399973
1.80015e-09	0.408922
1.80217e-09	0.417342
1.8042e-09	0.425232
1.80623e-09	0.43259
1.80826e-09	0.439415
1.81028e-09	0.445706
1.81231e-09	0.451463
1.81434e-09	0.456688
1.81636e-09	0.46138
1.81839e-09	0.465544
1.82042e-09	0.469179
1.82245e-09	0.472291
1.82447e-09	0.474882
1.8265e-09	0.476957
1.82853e-09	0.47852
1.83056e-09	0.479576
1.83258e-09	0.480131
1.83461e-09	0.480192
1.83664e-09	0.479765
1.83866e-09	0.478857
1.84069e-09	0.477476
1.84272e-09	0.47563
1.84475e-09	0.473327
1.84677e-09	0.470576
1.8488e-09	0.467387
1.85083e-09	0.46377
1.85285e-09	0.459733
1.85488e-09	0.455288
1.85691e-09	0.450446
1.85894e-09	0.445216
1.86096e-09	0.439611
1.86299e-09	0.433642
1.86502e-09	0.427321
1.86704e-09	0.42066
1.86907e-09	0.413671
1.8711e-09	0.406367
1.87313e-09	0.39876
1.87515e-09	0.390863
1.87718e-09	0.382689
1.87921e-09	0.374251
1.88124e-09	0.365563
1.88326e-09	0.356636
1.88529e-09	0.347486
1.88732e-09	0.338126
1.88934e-09	0.328568
1.89137e-09	0.318826
1.8934e-09	0.308914
1.89543e-09	0.298845
1.89745e-09	0.288634
1.89948e-09	0.278292
1.90151e-09	0.267834
1.90353e-09	0.257272
1.90556e-09	0.246621
1.90759e-09	0.235893
1.90962e-09	0.2251
1.91164e-09	0.214257
1.91367e-09	0.203376
1.9157e-09	0.192468
1.91772e-09	0.181548
1.91975e-09	0.170626
1.92178e-09	0.159715
1.92381e-09	0.148826
1.92583e-09	0.137972
1.92786e-09	0.127164
1.92989e-09	0.116412
1.93191e-09	0.105728
1.93394e-09	0.0951216
1.93597e-09	0.084604
1.938e-09	0.0741851
1.94002e-09	0.0638745
1.94205e-09	0.0536819
1.94408e-09	0.0436164
1.94611e-09	0.0336869
1.94813e-09	0.023902
1.95016e-09	0.01427
1.95219e-09	0.00479878
1.95421e-09	-0.00450391
1.95624e-09	-0.0136308
1.95827e-09	-0.022575
1.9603e-09	-0.0313297
1.96232e-09	-0.0398887
1.96435e-09	-0.0482461
1.96638e-09	-0.0563962
1.9684e-09	-0.0643336
1.97043e-09	-0.0720536
1.97246e-09	-0.0795514
1.97449e-09	-0.0868228
1.97651e-09	-0.0938639
1.97854e-09	-0.100671
1.98057e-09	-0.107241
1.98259e-09	-0.113571
1.98462e-09	-0.119659
1.98665e-09	-0.125502
1.98868e-09	-0.131098
1.9907e-09	-0.136445
1.99273e-09	-0.141543
1.99476e-09	-0.146391
1.99679e-09	-0.150987
1.99881e-09	-0.155332
2.00084e-09	-0.159426
2.00287e-09	-0.163268
2.00489e-09	-0.166859
2.00692e-09	-0.170201
2.00895e-09	-0.173294
2.01098e-09	-0.17614
2.013e-09	-0.17874
2.01503e-09	-0.181097
2.01706e-09	-0.183212
2.01908e-09	-0.185088
2.02111e-09	-0.186727
2.02314e-09	-0.188133
2.02517e-09	-0.189309
