1.0136e-12	-0.000114809
3.04079e-12	-0.000116163
5.06798e-12	-0.000117395
7.09518e-12	-0.000118496
9.12237e-12	-0.000119459
1.11496e-11	-0.000120274
1.31768e-11	-0.000120933
1.52039e-11	-0.000121427
1.72311e-11	-0.000121746
1.92583e-11	-0.000121882
2.12855e-11	-0.000121824
2.33127e-11	-0.000121564
2.53399e-11	-0.00012109
2.73671e-11	-0.000120395
2.93943e-11	-0.000119467
3.14215e-11	-0.000118296
3.34487e-11	-0.000116872
3.54759e-11	-0.000115185
3.75031e-11	-0.000113225
3.95303e-11	-0.000110981
4.15575e-11	-0.000108443
4.35846e-11	-0.000105601
4.56118e-11	-0.000102443
4.7639e-11	-9.89597e-05
4.96662e-11	-9.51408e-05
5.16934e-11	-9.09757e-05
5.37206e-11	-8.64543e-05
5.57478e-11	-8.15663e-05
5.7775e-11	-7.63019e-05
5.98022e-11	-7.0651e-05
6.18294e-11	-6.4604e-05
6.38566e-11	-5.81514e-05
6.58838e-11	-5.12837e-05
6.7911e-11	-4.3992e-05
6.99382e-11	-3.62673e-05
7.19653e-11	-2.81013e-05
7.39925e-11	-1.94855e-05
7.60197e-11	-1.04123e-05
7.80469e-11	-8.73979e-07
8.00741e-11	9.13644e-06
8.21013e-11	1.96256e-05
8.41285e-11	3.05998e-05
8.61557e-11	4.20647e-05
8.81829e-11	5.40253e-05
9.02101e-11	6.64864e-05
9.22373e-11	7.9452e-05
9.42645e-11	9.29254e-05
9.62917e-11	0.000106909
9.83189e-11	0.000121406
1.00346e-10	0.000136416
1.02373e-10	0.000151941
1.044e-10	0.000167979
1.06428e-10	0.000184531
1.08455e-10	0.000201594
1.10482e-10	0.000219164
1.12509e-10	0.000237239
1.14536e-10	0.000255813
1.16564e-10	0.00027488
1.18591e-10	0.000294434
1.20618e-10	0.000314466
1.22645e-10	0.000334967
1.24672e-10	0.000355927
1.267e-10	0.000377335
1.28727e-10	0.000399177
1.30754e-10	0.00042144
1.32781e-10	0.000444108
1.34808e-10	0.000467165
1.36836e-10	0.000490593
1.38863e-10	0.000514371
1.4089e-10	0.00053848
1.42917e-10	0.000562896
1.44944e-10	0.000587597
1.46971e-10	0.000612556
1.48999e-10	0.000637748
1.51026e-10	0.000663143
1.53053e-10	0.000688711
1.5508e-10	0.000714421
1.57107e-10	0.00074024
1.59135e-10	0.000766133
1.61162e-10	0.000792063
1.63189e-10	0.000817992
1.65216e-10	0.00084388
1.67243e-10	0.000869685
1.69271e-10	0.000895365
1.71298e-10	0.000920874
1.73325e-10	0.000946166
1.75352e-10	0.000971192
1.77379e-10	0.000995902
1.79407e-10	0.00102024
1.81434e-10	0.00104417
1.83461e-10	0.00106761
1.85488e-10	0.00109052
1.87515e-10	0.00111285
1.89543e-10	0.00113452
1.9157e-10	0.00115547
1.93597e-10	0.00117565
1.95624e-10	0.00119499
1.97651e-10	0.00121343
1.99679e-10	0.00123089
2.01706e-10	0.0012473
2.03733e-10	0.00126261
2.0576e-10	0.00127673
2.07787e-10	0.00128959
2.09814e-10	0.00130112
2.11842e-10	0.00131124
2.13869e-10	0.00131988
2.15896e-10	0.00132696
2.17923e-10	0.0013324
2.1995e-10	0.00133612
2.21978e-10	0.00133805
2.24005e-10	0.00133811
2.26032e-10	0.00133621
2.28059e-10	0.00133227
2.30086e-10	0.00132622
2.32114e-10	0.00131796
2.34141e-10	0.00130743
2.36168e-10	0.00129453
2.38195e-10	0.0012792
2.40222e-10	0.00126133
2.4225e-10	0.00124087
2.44277e-10	0.00121772
2.46304e-10	0.00119182
2.48331e-10	0.00116307
2.50358e-10	0.00113141
2.52386e-10	0.00109675
2.54413e-10	0.00105903
2.5644e-10	0.00101817
2.58467e-10	0.000974104
2.60494e-10	0.000926758
2.62521e-10	0.000876068
2.64549e-10	0.000821969
2.66576e-10	0.000764398
2.68603e-10	0.000703298
2.7063e-10	0.000638611
2.72657e-10	0.000570283
2.74685e-10	0.000498266
2.76712e-10	0.000422511
2.78739e-10	0.000342978
2.80766e-10	0.000259625
2.82793e-10	0.000172419
2.84821e-10	8.13291e-05
2.86848e-10	-1.36712e-05
2.88875e-10	-0.000112603
2.90902e-10	-0.000215483
2.92929e-10	-0.000322321
2.94957e-10	-0.000433125
2.96984e-10	-0.000547893
2.99011e-10	-0.000666621
3.01038e-10	-0.000789296
3.03065e-10	-0.000915902
3.05093e-10	-0.00104641
3.0712e-10	-0.0011808
3.09147e-10	-0.00131902
3.11174e-10	-0.00146103
3.13201e-10	-0.00160678
3.15228e-10	-0.00175621
3.17256e-10	-0.00190925
3.19283e-10	-0.00206583
3.2131e-10	-0.00222586
3.23337e-10	-0.00238926
3.25364e-10	-0.00255591
3.27392e-10	-0.00272572
3.29419e-10	-0.00289856
3.31446e-10	-0.00307431
3.33473e-10	-0.00325284
3.355e-10	-0.003434
3.37528e-10	-0.00361763
3.39555e-10	-0.00380358
3.41582e-10	-0.00399167
3.43609e-10	-0.00418172
3.45636e-10	-0.00437354
3.47664e-10	-0.00456692
3.49691e-10	-0.00476167
3.51718e-10	-0.00495754
3.53745e-10	-0.00515432
3.55772e-10	-0.00535177
3.578e-10	-0.00554963
3.59827e-10	-0.00574764
3.61854e-10	-0.00594554
3.63881e-10	-0.00614303
3.65908e-10	-0.00633985
3.67936e-10	-0.00653568
3.69963e-10	-0.00673021
3.7199e-10	-0.00692313
3.74017e-10	-0.00711411
3.76044e-10	-0.00730281
3.78071e-10	-0.00748889
3.80099e-10	-0.007672
3.82126e-10	-0.00785176
3.84153e-10	-0.00802781
3.8618e-10	-0.00819977
3.88207e-10	-0.00836725
3.90235e-10	-0.00852985
3.92262e-10	-0.00868718
3.94289e-10	-0.00883882
3.96316e-10	-0.00898436
3.98343e-10	-0.00912338
4.00371e-10	-0.00925544
4.02398e-10	-0.00938012
4.04425e-10	-0.00949697
4.06452e-10	-0.00960555
4.08479e-10	-0.00970542
4.10507e-10	-0.00979612
4.12534e-10	-0.00987721
4.14561e-10	-0.00994822
4.16588e-10	-0.0100087
4.18615e-10	-0.0100582
4.20643e-10	-0.0100962
4.2267e-10	-0.0101224
4.24697e-10	-0.0101361
4.26724e-10	-0.010137
4.28751e-10	-0.0101247
4.30778e-10	-0.0100986
4.32806e-10	-0.0100583
4.34833e-10	-0.0100034
4.3686e-10	-0.00993346
4.38887e-10	-0.00984799
4.40914e-10	-0.00974658
4.42942e-10	-0.00962882
4.44969e-10	-0.00949431
4.46996e-10	-0.00934262
4.49023e-10	-0.00917338
4.5105e-10	-0.0089862
4.53078e-10	-0.00878071
4.55105e-10	-0.00855655
4.57132e-10	-0.00831339
4.59159e-10	-0.00805089
4.61186e-10	-0.00776874
4.63214e-10	-0.00746664
4.65241e-10	-0.00714432
4.67268e-10	-0.00680152
4.69295e-10	-0.00643799
4.71322e-10	-0.00605351
4.7335e-10	-0.00564789
4.75377e-10	-0.00522094
4.77404e-10	-0.00477252
4.79431e-10	-0.0043025
4.81458e-10	-0.00381077
4.83486e-10	-0.00329725
4.85513e-10	-0.00276189
4.8754e-10	-0.00220467
4.89567e-10	-0.0016256
4.91594e-10	-0.00102471
4.93621e-10	-0.000402073
4.95649e-10	0.000242219
4.97676e-10	0.000908033
4.99703e-10	0.0015952
5.0173e-10	0.00230353
5.03757e-10	0.00303279
5.05785e-10	0.0037827
5.07812e-10	0.00455297
5.09839e-10	0.00534324
5.11866e-10	0.00615314
5.13893e-10	0.00698226
5.15921e-10	0.00783013
5.17948e-10	0.00869625
5.19975e-10	0.00958009
5.22002e-10	0.0104811
5.24029e-10	0.0113986
5.26057e-10	0.012332
5.28084e-10	0.0132805
5.30111e-10	0.0142434
5.32138e-10	0.01522
5.34165e-10	0.0162094
5.36193e-10	0.0172107
5.3822e-10	0.0182231
5.40247e-10	0.0192455
5.42274e-10	0.020277
5.44301e-10	0.0213164
5.46328e-10	0.0223629
5.48356e-10	0.0234151
5.50383e-10	0.0244721
5.5241e-10	0.0255324
5.54437e-10	0.0265949
5.56464e-10	0.0276584
5.58492e-10	0.0287214
5.60519e-10	0.0297826
5.62546e-10	0.0308407
5.64573e-10	0.031894
5.666e-10	0.0329413
5.68628e-10	0.0339809
5.70655e-10	0.0350113
5.72682e-10	0.036031
5.74709e-10	0.0370382
5.76736e-10	0.0380314
5.78764e-10	0.0390089
5.80791e-10	0.0399689
5.82818e-10	0.0409098
5.84845e-10	0.0418298
5.86872e-10	0.042727
5.889e-10	0.0435998
5.90927e-10	0.0444462
5.92954e-10	0.0452644
5.94981e-10	0.0460527
5.97008e-10	0.046809
5.99036e-10	0.0475315
6.01063e-10	0.0482184
6.0309e-10	0.0488677
6.05117e-10	0.0494775
6.07144e-10	0.050046
6.09171e-10	0.0505711
6.11199e-10	0.051051
6.13226e-10	0.0514839
6.15253e-10	0.0518677
6.1728e-10	0.0522007
6.19307e-10	0.052481
6.21335e-10	0.0527067
6.23362e-10	0.052876
6.25389e-10	0.052987
6.27416e-10	0.053038
6.29443e-10	0.0530273
6.31471e-10	0.0529531
6.33498e-10	0.0528138
6.35525e-10	0.0526076
6.37552e-10	0.052333
6.39579e-10	0.0519884
6.41607e-10	0.0515723
6.43634e-10	0.0510832
6.45661e-10	0.0505198
6.47688e-10	0.0498806
6.49715e-10	0.0491644
6.51743e-10	0.0483699
6.5377e-10	0.047496
6.55797e-10	0.0465416
6.57824e-10	0.0455056
6.59851e-10	0.0443872
6.61878e-10	0.0431855
6.63906e-10	0.0418997
6.65933e-10	0.040529
6.6796e-10	0.039073
6.69987e-10	0.0375312
6.72014e-10	0.035903
6.74042e-10	0.0341882
6.76069e-10	0.0323865
6.78096e-10	0.030498
6.80123e-10	0.0285226
6.8215e-10	0.0264603
6.84178e-10	0.0243115
6.86205e-10	0.0220765
6.88232e-10	0.0197556
6.90259e-10	0.0173496
6.92286e-10	0.0148592
6.94314e-10	0.0122851
6.96341e-10	0.00962823
6.98368e-10	0.00688979
7.00395e-10	0.00407095
7.02422e-10	0.00117306
7.0445e-10	-0.00180242
7.06477e-10	-0.00485387
7.08504e-10	-0.00797954
7.10531e-10	-0.0111776
7.12558e-10	-0.0144459
7.14586e-10	-0.0177824
7.16613e-10	-0.0211848
7.1864e-10	-0.0246506
7.20667e-10	-0.0281772
7.22694e-10	-0.0317621
7.24721e-10	-0.0354022
7.26749e-10	-0.0390946
7.28776e-10	-0.0428363
7.30803e-10	-0.0466239
7.3283e-10	-0.050454
7.34857e-10	-0.0543231
7.36885e-10	-0.0582276
7.38912e-10	-0.0621637
7.40939e-10	-0.0661274
7.42966e-10	-0.0701147
7.44993e-10	-0.0741215
7.47021e-10	-0.0781434
7.49048e-10	-0.082176
7.51075e-10	-0.0862149
7.53102e-10	-0.0902553
7.55129e-10	-0.0942925
7.57157e-10	-0.0983217
7.59184e-10	-0.102338
7.61211e-10	-0.106336
7.63238e-10	-0.110311
7.65265e-10	-0.114258
7.67293e-10	-0.118171
7.6932e-10	-0.122045
7.71347e-10	-0.125874
7.73374e-10	-0.129653
7.75401e-10	-0.133377
7.77428e-10	-0.137039
7.79456e-10	-0.140634
7.81483e-10	-0.144156
7.8351e-10	-0.1476
7.85537e-10	-0.150959
7.87564e-10	-0.154228
7.89592e-10	-0.157402
7.91619e-10	-0.160473
7.93646e-10	-0.163436
7.95673e-10	-0.166286
7.977e-10	-0.169016
7.99728e-10	-0.171621
8.01755e-10	-0.174095
8.03782e-10	-0.176432
8.05809e-10	-0.178626
8.07836e-10	-0.180672
8.09864e-10	-0.182564
8.11891e-10	-0.184297
8.13918e-10	-0.185865
8.15945e-10	-0.187262
8.17972e-10	-0.188484
8.2e-10	-0.189526
8.22027e-10	-0.190382
8.24054e-10	-0.191047
8.26081e-10	-0.191516
8.28108e-10	-0.191786
8.30136e-10	-0.19185
8.32163e-10	-0.191706
8.3419e-10	-0.191349
8.36217e-10	-0.190774
8.38244e-10	-0.189978
8.40271e-10	-0.188958
8.42299e-10	-0.187709
8.44326e-10	-0.186228
8.46353e-10	-0.184514
8.4838e-10	-0.182562
8.50407e-10	-0.18037
8.52435e-10	-0.177935
8.54462e-10	-0.175257
8.56489e-10	-0.172332
8.58516e-10	-0.16916
8.60543e-10	-0.165738
8.62571e-10	-0.162067
8.64598e-10	-0.158144
8.66625e-10	-0.15397
8.68652e-10	-0.149545
8.70679e-10	-0.144868
8.72707e-10	-0.13994
8.74734e-10	-0.134762
8.76761e-10	-0.129335
8.78788e-10	-0.12366
8.80815e-10	-0.117739
8.82843e-10	-0.111574
8.8487e-10	-0.105166
8.86897e-10	-0.0985201
8.88924e-10	-0.0916377
8.90951e-10	-0.0845225
8.92978e-10	-0.0771783
8.95006e-10	-0.069609
8.97033e-10	-0.0618189
8.9906e-10	-0.0538129
9.01087e-10	-0.045596
9.03114e-10	-0.0371735
9.05142e-10	-0.0285513
9.07169e-10	-0.0197352
9.09196e-10	-0.0107319
9.11223e-10	-0.00154803
9.1325e-10	0.00780934
9.15278e-10	0.0173328
9.17305e-10	0.0270146
9.19332e-10	0.0368466
9.21359e-10	0.0468206
9.23386e-10	0.0569277
9.25414e-10	0.0671591
9.27441e-10	0.0775053
9.29468e-10	0.0879569
9.31495e-10	0.0985039
9.33522e-10	0.109136
9.3555e-10	0.119843
9.37577e-10	0.130614
9.39604e-10	0.141439
9.41631e-10	0.152305
9.43658e-10	0.163202
9.45685e-10	0.174118
9.47713e-10	0.18504
9.4974e-10	0.195958
9.51767e-10	0.206859
9.53794e-10	0.217729
9.55821e-10	0.228557
9.57849e-10	0.239331
9.59876e-10	0.250036
9.61903e-10	0.26066
9.6393e-10	0.27119
9.65957e-10	0.281612
9.67985e-10	0.291914
9.70012e-10	0.302081
9.72039e-10	0.312101
9.74066e-10	0.32196
9.76093e-10	0.331645
9.78121e-10	0.341141
9.80148e-10	0.350436
9.82175e-10	0.359516
9.84202e-10	0.368367
9.86229e-10	0.376977
9.88257e-10	0.385332
9.90284e-10	0.393419
9.92311e-10	0.401225
9.94338e-10	0.408736
9.96365e-10	0.415941
9.98393e-10	0.422826
1.00042e-09	0.42938
1.00245e-09	0.43559
1.00447e-09	0.441444
1.0065e-09	0.44693
1.00853e-09	0.452037
1.01056e-09	0.456753
1.01258e-09	0.461069
1.01461e-09	0.464973
1.01664e-09	0.468454
1.01866e-09	0.471504
1.02069e-09	0.474112
1.02272e-09	0.47627
1.02475e-09	0.477968
1.02677e-09	0.479199
1.0288e-09	0.479954
1.03083e-09	0.480226
1.03285e-09	0.480008
1.03488e-09	0.479293
1.03691e-09	0.478075
1.03894e-09	0.476349
1.04096e-09	0.47411
1.04299e-09	0.471353
1.04502e-09	0.468074
1.04705e-09	0.46427
1.04907e-09	0.459937
1.0511e-09	0.455075
1.05313e-09	0.44968
1.05515e-09	0.443752
1.05718e-09	0.43729
1.05921e-09	0.430295
1.06124e-09	0.422767
1.06326e-09	0.414707
1.06529e-09	0.406117
1.06732e-09	0.397001
1.06934e-09	0.387361
1.07137e-09	0.377201
1.0734e-09	0.366525
1.07543e-09	0.355339
1.07745e-09	0.343649
1.07948e-09	0.331461
1.08151e-09	0.318783
1.08353e-09	0.305621
1.08556e-09	0.291984
1.08759e-09	0.277882
1.08962e-09	0.263325
1.09164e-09	0.248321
1.09367e-09	0.232883
1.0957e-09	0.217022
1.09772e-09	0.200751
1.09975e-09	0.184081
1.10178e-09	0.167027
1.10381e-09	0.149602
1.10583e-09	0.131821
1.10786e-09	0.113699
1.10989e-09	0.0952523
1.11192e-09	0.0764964
1.11394e-09	0.0574483
1.11597e-09	0.0381253
1.118e-09	0.0185451
1.12002e-09	-0.00127385
1.12205e-09	-0.021313
1.12408e-09	-0.0415531
1.12611e-09	-0.0619746
1.12813e-09	-0.0825575
1.13016e-09	-0.103281
1.13219e-09	-0.124125
1.13421e-09	-0.145069
1.13624e-09	-0.16609
1.13827e-09	-0.187166
1.1403e-09	-0.208277
1.14232e-09	-0.229399
1.14435e-09	-0.250511
1.14638e-09	-0.271589
1.1484e-09	-0.29261
1.15043e-09	-0.313552
1.15246e-09	-0.334392
1.15449e-09	-0.355105
1.15651e-09	-0.37567
1.15854e-09	-0.396061
1.16057e-09	-0.416257
1.1626e-09	-0.436233
1.16462e-09	-0.455966
1.16665e-09	-0.475433
1.16868e-09	-0.49461
1.1707e-09	-0.513475
1.17273e-09	-0.532005
1.17476e-09	-0.550177
1.17679e-09	-0.567968
1.17881e-09	-0.585356
1.18084e-09	-0.602319
1.18287e-09	-0.618835
1.18489e-09	-0.634883
1.18692e-09	-0.650442
1.18895e-09	-0.66549
1.19098e-09	-0.680009
1.193e-09	-0.693977
1.19503e-09	-0.707376
1.19706e-09	-0.720186
1.19908e-09	-0.732389
1.20111e-09	-0.743968
1.20314e-09	-0.754905
1.20517e-09	-0.765183
1.20719e-09	-0.774787
1.20922e-09	-0.7837
1.21125e-09	-0.791908
1.21327e-09	-0.799398
1.2153e-09	-0.806155
1.21733e-09	-0.812167
1.21936e-09	-0.817422
1.22138e-09	-0.821909
1.22341e-09	-0.825617
1.22544e-09	-0.828538
1.22747e-09	-0.830661
1.22949e-09	-0.831981
1.23152e-09	-0.832488
1.23355e-09	-0.832178
1.23557e-09	-0.831045
1.2376e-09	-0.829084
1.23963e-09	-0.826292
1.24166e-09	-0.822667
1.24368e-09	-0.818206
1.24571e-09	-0.812909
1.24774e-09	-0.806777
1.24976e-09	-0.79981
1.25179e-09	-0.79201
1.25382e-09	-0.783381
1.25585e-09	-0.773927
1.25787e-09	-0.763651
1.2599e-09	-0.752561
1.26193e-09	-0.740663
1.26395e-09	-0.727965
1.26598e-09	-0.714475
1.26801e-09	-0.700204
1.27004e-09	-0.685161
1.27206e-09	-0.669359
1.27409e-09	-0.65281
1.27612e-09	-0.635526
1.27815e-09	-0.617523
1.28017e-09	-0.598815
1.2822e-09	-0.579419
1.28423e-09	-0.55935
1.28625e-09	-0.538628
1.28828e-09	-0.51727
1.29031e-09	-0.495295
1.29234e-09	-0.472724
1.29436e-09	-0.449577
1.29639e-09	-0.425877
1.29842e-09	-0.401645
1.30044e-09	-0.376904
1.30247e-09	-0.351677
1.3045e-09	-0.32599
1.30653e-09	-0.299868
1.30855e-09	-0.273334
1.31058e-09	-0.246417
1.31261e-09	-0.219142
1.31463e-09	-0.191536
1.31666e-09	-0.163627
1.31869e-09	-0.135443
1.32072e-09	-0.107013
1.32274e-09	-0.0783652
1.32477e-09	-0.0495289
1.3268e-09	-0.0205337
1.32882e-09	0.00859066
1.33085e-09	0.0378141
1.33288e-09	0.0671065
1.33491e-09	0.0964372
1.33693e-09	0.125776
1.33896e-09	0.155092
1.34099e-09	0.184354
1.34302e-09	0.213531
1.34504e-09	0.242594
1.34707e-09	0.271511
1.3491e-09	0.300251
1.35112e-09	0.328783
1.35315e-09	0.357079
1.35518e-09	0.385106
1.35721e-09	0.412835
1.35923e-09	0.440237
1.36126e-09	0.467282
1.36329e-09	0.49394
1.36531e-09	0.520184
1.36734e-09	0.545984
1.36937e-09	0.571312
1.3714e-09	0.596142
1.37342e-09	0.620445
1.37545e-09	0.644196
1.37748e-09	0.667369
1.3795e-09	0.689938
1.38153e-09	0.711879
1.38356e-09	0.733168
1.38559e-09	0.753781
1.38761e-09	0.773696
1.38964e-09	0.79289
1.39167e-09	0.811344
1.3937e-09	0.829035
1.39572e-09	0.845946
1.39775e-09	0.862057
1.39978e-09	0.87735
1.4018e-09	0.891809
1.40383e-09	0.905417
1.40586e-09	0.91816
1.40789e-09	0.930023
1.40991e-09	0.940993
1.41194e-09	0.951059
1.41397e-09	0.960208
1.41599e-09	0.968431
1.41802e-09	0.975719
1.42005e-09	0.982063
1.42208e-09	0.987457
1.4241e-09	0.991894
1.42613e-09	0.99537
1.42816e-09	0.997881
1.43018e-09	0.999423
1.43221e-09	0.999996
1.43424e-09	0.999598
1.43627e-09	0.998231
1.43829e-09	0.995894
1.44032e-09	0.992592
1.44235e-09	0.988328
1.44437e-09	0.983106
1.4464e-09	0.976932
1.44843e-09	0.969814
1.45046e-09	0.961759
1.45248e-09	0.952776
1.45451e-09	0.942875
1.45654e-09	0.932066
1.45857e-09	0.920363
1.46059e-09	0.907778
1.46262e-09	0.894325
1.46465e-09	0.880018
1.46667e-09	0.864874
1.4687e-09	0.848909
1.47073e-09	0.832141
1.47276e-09	0.814589
1.47478e-09	0.796272
1.47681e-09	0.777209
1.47884e-09	0.757423
1.48086e-09	0.736934
1.48289e-09	0.715765
1.48492e-09	0.69394
1.48695e-09	0.671482
1.48897e-09	0.648416
1.491e-09	0.624767
1.49303e-09	0.600562
1.49505e-09	0.575825
1.49708e-09	0.550584
1.49911e-09	0.524867
1.50114e-09	0.498702
1.50316e-09	0.472116
1.50519e-09	0.445139
1.50722e-09	0.417799
1.50925e-09	0.390127
1.51127e-09	0.362151
1.5133e-09	0.333902
1.51533e-09	0.30541
1.51735e-09	0.276705
1.51938e-09	0.247818
1.52141e-09	0.218779
1.52344e-09	0.18962
1.52546e-09	0.160371
1.52749e-09	0.131062
1.52952e-09	0.101725
1.53154e-09	0.072391
1.53357e-09	0.0430895
1.5356e-09	0.0138514
1.53763e-09	-0.0152931
1.53965e-09	-0.0443138
1.54168e-09	-0.0731809
1.54371e-09	-0.101865
1.54573e-09	-0.130336
1.54776e-09	-0.158567
1.54979e-09	-0.186527
1.55182e-09	-0.21419
1.55384e-09	-0.241526
1.55587e-09	-0.26851
1.5579e-09	-0.295115
1.55992e-09	-0.321314
1.56195e-09	-0.347081
1.56398e-09	-0.372392
1.56601e-09	-0.397222
1.56803e-09	-0.421548
1.57006e-09	-0.445346
1.57209e-09	-0.468594
1.57412e-09	-0.49127
1.57614e-09	-0.513354
1.57817e-09	-0.534825
1.5802e-09	-0.555663
1.58222e-09	-0.575851
1.58425e-09	-0.59537
1.58628e-09	-0.614203
1.58831e-09	-0.632334
1.59033e-09	-0.649748
1.59236e-09	-0.666431
1.59439e-09	-0.682369
1.59641e-09	-0.697549
1.59844e-09	-0.711961
1.60047e-09	-0.725592
1.6025e-09	-0.738433
1.60452e-09	-0.750476
1.60655e-09	-0.761712
1.60858e-09	-0.772135
1.6106e-09	-0.781738
1.61263e-09	-0.790516
1.61466e-09	-0.798466
1.61669e-09	-0.805583
1.61871e-09	-0.811866
1.62074e-09	-0.817313
1.62277e-09	-0.821924
1.6248e-09	-0.8257
1.62682e-09	-0.828642
1.62885e-09	-0.830752
1.63088e-09	-0.832035
1.6329e-09	-0.832493
1.63493e-09	-0.832132
1.63696e-09	-0.830959
1.63899e-09	-0.828979
1.64101e-09	-0.826202
1.64304e-09	-0.822635
1.64507e-09	-0.818287
1.64709e-09	-0.81317
1.64912e-09	-0.807294
1.65115e-09	-0.80067
1.65318e-09	-0.793312
1.6552e-09	-0.785232
1.65723e-09	-0.776444
1.65926e-09	-0.766964
1.66128e-09	-0.756807
1.66331e-09	-0.745987
1.66534e-09	-0.734523
1.66737e-09	-0.722431
1.66939e-09	-0.709728
1.67142e-09	-0.696434
1.67345e-09	-0.682567
1.67547e-09	-0.668147
1.6775e-09	-0.653192
1.67953e-09	-0.637724
1.68156e-09	-0.621763
1.68358e-09	-0.605329
1.68561e-09	-0.588445
1.68764e-09	-0.571132
1.68967e-09	-0.553412
1.69169e-09	-0.535308
1.69372e-09	-0.516841
1.69575e-09	-0.498034
1.69777e-09	-0.478911
1.6998e-09	-0.459495
1.70183e-09	-0.439808
1.70386e-09	-0.419874
1.70588e-09	-0.399716
1.70791e-09	-0.379358
1.70994e-09	-0.358824
1.71196e-09	-0.338135
1.71399e-09	-0.317317
1.71602e-09	-0.296392
1.71805e-09	-0.275383
1.72007e-09	-0.254313
1.7221e-09	-0.233206
1.72413e-09	-0.212084
1.72615e-09	-0.190969
1.72818e-09	-0.169885
1.73021e-09	-0.148852
1.73224e-09	-0.127893
1.73426e-09	-0.10703
1.73629e-09	-0.0862829
1.73832e-09	-0.0656731
1.74035e-09	-0.045221
1.74237e-09	-0.0249467
1.7444e-09	-0.00486994
1.74643e-09	0.0149901
1.74845e-09	0.0346147
1.75048e-09	0.0539853
1.75251e-09	0.0730843
1.75454e-09	0.0918941
1.75656e-09	0.110398
1.75859e-09	0.12858
1.76062e-09	0.146423
1.76264e-09	0.163913
1.76467e-09	0.181035
1.7667e-09	0.197775
1.76873e-09	0.21412
1.77075e-09	0.230056
1.77278e-09	0.245571
1.77481e-09	0.260653
1.77683e-09	0.275292
1.77886e-09	0.289477
1.78089e-09	0.303198
1.78292e-09	0.316446
1.78494e-09	0.329212
1.78697e-09	0.341489
1.789e-09	0.35327
1.79102e-09	0.364547
1.79305e-09	0.375314
1.79508e-09	0.385568
1.79711e-09	0.395302
1.79913e-09	0.404513
1.80116e-09	0.413198
1.80319e-09	0.421353
1.80522e-09	0.428977
1.80724e-09	0.436069
1.80927e-09	0.442627
1.8113e-09	0.448651
1.81332e-09	0.454142
1.81535e-09	0.4591
1.81738e-09	0.463528
1.81941e-09	0.467427
1.82143e-09	0.470801
1.82346e-09	0.473651
1.82549e-09	0.475984
1.82751e-09	0.477802
1.82954e-09	0.479111
1.83157e-09	0.479916
1.8336e-09	0.480223
1.83562e-09	0.480039
1.83765e-09	0.479371
1.83968e-09	0.478225
1.8417e-09	0.47661
1.84373e-09	0.474535
1.84576e-09	0.472007
1.84779e-09	0.469036
1.84981e-09	0.465632
1.85184e-09	0.461803
1.85387e-09	0.457561
1.8559e-09	0.452916
1.85792e-09	0.447878
1.85995e-09	0.44246
1.86198e-09	0.436671
1.864e-09	0.430525
1.86603e-09	0.424033
1.86806e-09	0.417206
1.87009e-09	0.410058
1.87211e-09	0.402601
1.87414e-09	0.394847
1.87617e-09	0.38681
1.87819e-09	0.378502
1.88022e-09	0.369937
1.88225e-09	0.361128
1.88428e-09	0.352089
1.8863e-09	0.342831
1.88833e-09	0.33337
1.89036e-09	0.323719
1.89238e-09	0.31389
1.89441e-09	0.303899
1.89644e-09	0.293757
1.89847e-09	0.283478
1.90049e-09	0.273076
1.90252e-09	0.262565
1.90455e-09	0.251957
1.90657e-09	0.241265
1.9086e-09	0.230504
1.91063e-09	0.219684
1.91266e-09	0.20882
1.91468e-09	0.197924
1.91671e-09	0.187009
1.91874e-09	0.176086
1.92077e-09	0.165168
1.92279e-09	0.154267
1.92482e-09	0.143394
1.92685e-09	0.132562
1.92887e-09	0.12178
1.9309e-09	0.111061
1.93293e-09	0.100414
1.93496e-09	0.0898511
1.93698e-09	0.0793816
1.93901e-09	0.0690156
1.94104e-09	0.0587629
1.94306e-09	0.0486327
1.94509e-09	0.0386341
1.94712e-09	0.0287758
1.94915e-09	0.0190663
1.95117e-09	0.00951378
1.9532e-09	0.000125909
1.95523e-09	-0.00908978
1.95725e-09	-0.0181262
1.95928e-09	-0.0269764
1.96131e-09	-0.0356341
1.96334e-09	-0.044093
1.96536e-09	-0.0523474
1.96739e-09	-0.0603918
1.96942e-09	-0.0682211
1.97145e-09	-0.0758305
1.97347e-09	-0.0832156
1.9755e-09	-0.0903724
1.97753e-09	-0.097297
1.97955e-09	-0.103986
1.98158e-09	-0.110437
1.98361e-09	-0.116646
1.98564e-09	-0.122611
1.98766e-09	-0.128331
1.98969e-09	-0.133803
1.99172e-09	-0.139026
1.99374e-09	-0.143998
1.99577e-09	-0.148721
1.9978e-09	-0.153191
1.99983e-09	-0.15741
2.00185e-09	-0.161378
2.00388e-09	-0.165095
2.00591e-09	-0.168562
2.00793e-09	-0.171779
2.00996e-09	-0.174748
2.01199e-09	-0.177471
2.01402e-09	-0.179949
2.01604e-09	-0.182184
2.01807e-09	-0.184179
2.0201e-09	-0.185937
2.02212e-09	-0.187459
2.02415e-09	-0.188749
2.02618e-09	-0.189811
